#' patches to fix the map() map data
#' drawn via locator()
#' fun fun

ant.patch <- structure(list(x = c(-0.361918593760344, 0.442538821911251, 0.439442836676584, 
0.256647963778709, 0.133429633496866, 0.0203179541026587, -0.101225344654045, 
-0.223436773962911, -0.354719722318034), y = c(-0.973492836535364, 
-0.971130853879129, -0.974923200534359, -0.9874859369729, -0.992812160811263, 
-0.994600115810007, -0.992304005180041, -0.989894971076471, -0.979195471952409
)), .Names = c("x", "y"))

russia.patch <- structure(list(x = c(1.05958718514261, 1.10137828066588, 1.1421530649267, 
1.18708719713197, 1.2303745286805, 1.27614617664834, 1.14204014145309, 
1.04367438565379, 1.03717187563204), y = c(0.856940208862705, 
0.846795916817202, 0.832012352064431, 0.81620306575975, 0.799010466903409, 
0.825735688989894, 0.893734440678957, 0.909863676825519, 0.878216873347755
)), .Names = c("x", "y"))



